version https://git-lfs.github.com/spec/v1
oid sha256:4fe06fe75550f5ca9ef91249ac42ffdae71b5d189deb5b39a78d71fe5054163e
size 1020899
